{
    "Camera/Position/X": 4.63592004776001,
    "Camera/Position/Y": 3.7460665702819824,
    "Camera/Position/Z": 8.029647827148438,
    "Camera/Rotation/W": 0.9481790065765381,
    "Camera/Rotation/X": -0.18430733680725098,
    "Camera/Rotation/Y": 0.25406381487846375,
    "Camera/Rotation/Z": 0.04938502609729767,
    "Editor/ValueDraggerStepSize": 10
}
