{
    "@class": "Character",
    "id": {
        "uuid": "739109EA-1837-4DA8-902A-37A55CF9233B"
    },
    "airJumpIsActive": true,
    "maxStableSlopeAngle": 45.0,
    "maxStableMoveSpeed": 8.0,
    "stableMovementSharpness": 0.05000000074505806,
    "maxAirMoveSpeed": 8.0,
    "airAccelerationSpeed": 0.10000000149011612,
    "rotationSpeed": 0.10000000149011612,
    "allowJumpingWhenSliding": true,
    "allowWallJump": true,
    "jumpSpeed": 3.0,
    "airJumpSpeed": 3.0,
    "wallJumpSpeed": 3.0,
    "crouchHeight": 2.9000000953674318,
    "crouchSpeed": 3.0,
    "slideSpeed": 12.0,
    "wallHangSpeed": -1.0,
    "maxStepHeight": 0.5,
    "ladderClimbingSpeed": 6.0,
    "ladderGrabSpeed": 6.0,
    "discreteRotationAngle": 90.0,
    "isDiscreteRotation": false,
    "body": [
        {
            "@class": "BaseNode",
            "object3D": {
                "@class": "BaseObject3D",
                "id": {
                    "uuid": "3E35029A-6737-4F6C-8FE1-DE05E87B7DF6"
                },
                "name": "MainCharacter Body",
                "enabled": true,
                "visible": true,
                "hitVisible": true,
                "colliders": [
                    {
                        "@class": "BaseComponentCollider",
                        "colliderId": {
                            "uuid": "35E83660-CF25-48D7-9BCA-C61B1DB4891D"
                        }
                    }
                ],
                "rigidBody": {
                    "@class": "BaseComponentPhysBody",
                    "rigidBodyId": {
                        "uuid": "1D511F78-AE41-49EA-903C-F90071AB6AFA"
                    }
                },
                "transform": {
                    "@class": "BaseComponentTransformable",
                    "localTransforms": {
                        "values": [
                            1.0,
                            0.0,
                            0.0,
                            0.0,
                            0.0,
                            1.0,
                            0.0,
                            0.0,
                            0.0,
                            0.0,
                            1.0,
                            0.0,
                            0.0,
                            0.0,
                            0.0,
                            1.0
                        ]
                    }
                }
            },
            "children": [
                "52F69F02-84AA-4320-A81B-5B3CB1B1B54A"
            ]
        },
        {
            "@class": "BaseNode",
            "object3D": {
                "@class": "BaseObject3D",
                "id": {
                    "uuid": "52F69F02-84AA-4320-A81B-5B3CB1B1B54A"
                },
                "name": "Model",
                "enabled": true,
                "visible": true,
                "hitVisible": true,
                "transform": {
                    "@class": "BaseComponentTransformable",
                    "localTransforms": {
                        "values": [
                            -1.1920927533992654e-7,
                            0.0,
                            -1.0,
                            0.0,
                            0.0,
                            1.0,
                            0.0,
                            0.0,
                            1.0,
                            0.0,
                            -1.1920927533992654e-7,
                            0.0,
                            0.0,
                            0.0,
                            0.0,
                            1.0
                        ]
                    }
                }
            },
            "children": [
                "9A20B21C-B4B7-4343-BB41-6E7103D16B49"
            ]
        },
        {
            "@class": "BaseNode",
            "object3D": {
                "@class": "BaseObject3D",
                "id": {
                    "uuid": "9A20B21C-B4B7-4343-BB41-6E7103D16B49"
                },
                "name": "maincharacter.dae_RootNode",
                "enabled": true,
                "visible": true,
                "hitVisible": true,
                "transform": {
                    "@class": "BaseComponentTransformable",
                    "localTransforms": {
                        "values": [
                            1.0,
                            0.0,
                            0.0,
                            0.0,
                            0.0,
                            1.0,
                            0.0,
                            0.0,
                            0.0,
                            0.0,
                            1.0,
                            0.0,
                            0.0,
                            0.0,
                            0.0,
                            1.0
                        ]
                    }
                }
            },
            "children": [
                "E5918C1F-0DA6-43E2-8B5B-BC2F8523257C",
                "D14AE424-7842-44A3-81C0-0B1B9BE34D55"
            ]
        },
        {
            "@class": "BaseNode",
            "object3D": {
                "@class": "BaseObject3D",
                "id": {
                    "uuid": "E5918C1F-0DA6-43E2-8B5B-BC2F8523257C"
                },
                "name": "mixamorig_Hips",
                "enabled": true,
                "visible": true,
                "hitVisible": true,
                "transform": {
                    "@class": "BaseComponentTransformable",
                    "localTransforms": {
                        "values": [
                            1.0,
                            -0.000037999998312443498,
                            -9.999999974752428e-7,
                            0.0,
                            0.000037999998312443498,
                            1.0,
                            0.0,
                            0.0,
                            9.999999974752428e-7,
                            0.0,
                            1.0,
                            0.0,
                            0.000006000000212225132,
                            1.475203037261963,
                            0.006819000001996756,
                            1.0
                        ]
                    }
                }
            },
            "children": [
                "8765ADDE-6EE7-4B35-A479-20632F3EC801",
                "A0C3D16F-9439-4ED4-8665-23B93FA7DF73",
                "03B3E921-2C32-4AD0-A8DF-A87B3E04359B"
            ]
        },
        {
            "@class": "BaseNode",
            "object3D": {
                "@class": "BaseObject3D",
                "id": {
                    "uuid": "8765ADDE-6EE7-4B35-A479-20632F3EC801"
                },
                "name": "mixamorig_RightUpLeg",
                "enabled": true,
                "visible": true,
                "hitVisible": true,
                "transform": {
                    "@class": "BaseComponentTransformable",
                    "localTransforms": {
                        "values": [
                            -0.9993630051612854,
                            0.035691000521183017,
                            -0.00034500000765547156,
                            0.0,
                            -0.035691998898983,
                            -0.9993399977684021,
                            0.006725000217556953,
                            0.0,
                            -0.0001049999991664663,
                            0.006732999812811613,
                            0.9999769926071167,
                            0.0,
                            -0.19886399805545808,
                            -0.08733099699020386,
                            -0.008843000046908856,
                            1.0
                        ]
                    }
                }
            },
            "children": [
                "C7D1592A-9A98-4298-952D-CAEEEEBCABA2"
            ]
        },
        {
            "@class": "BaseNode",
            "object3D": {
                "@class": "BaseObject3D",
                "id": {
                    "uuid": "C7D1592A-9A98-4298-952D-CAEEEEBCABA2"
                },
                "name": "mixamorig_RightLeg",
                "enabled": true,
                "visible": true,
                "hitVisible": true,
                "transform": {
                    "@class": "BaseComponentTransformable",
                    "localTransforms": {
                        "values": [
                            0.9972710013389587,
                            0.07382500171661377,
                            -0.00014600000577047467,
                            0.0,
                            -0.07358399778604508,
                            0.9938520193099976,
                            -0.08272899687290192,
                            0.0,
                            -0.005962000228464603,
                            0.08251400291919708,
                            0.9965720176696777,
                            0.0,
                            0.0,
                            0.5931439995765686,
                            0.0,
                            1.0
                        ]
                    }
                }
            },
            "children": [
                "F2CEA845-FD5D-4171-A121-5E58A22BE473"
            ]
        },
        {
            "@class": "BaseNode",
            "object3D": {
                "@class": "BaseObject3D",
                "id": {
                    "uuid": "F2CEA845-FD5D-4171-A121-5E58A22BE473"
                },
                "name": "mixamorig_RightFoot",
                "enabled": true,
                "visible": true,
                "hitVisible": true,
                "transform": {
                    "@class": "BaseComponentTransformable",
                    "localTransforms": {
                        "values": [
                            0.9598180055618286,
                            -0.0010860000038519502,
                            -0.2806209921836853,
                            0.0,
                            0.2417210042476654,
                            0.511165976524353,
                            0.8247910141944885,
                            0.0,
                            0.14254799485206605,
                            -0.8594809770584106,
                            0.4908890128135681,
                            0.0,
                            0.0,
                            0.557125985622406,
                            0.0,
                            1.0
                        ]
                    }
                }
            },
            "children": [
                "FA21D58B-6E5A-4999-AB1E-1A74C3FE4978"
            ]
        },
        {
            "@class": "BaseNode",
            "object3D": {
                "@class": "BaseObject3D",
                "id": {
                    "uuid": "FA21D58B-6E5A-4999-AB1E-1A74C3FE4978"
                },
                "name": "mixamorig_RightToeBase",
                "enabled": true,
                "visible": true,
                "hitVisible": true,
                "transform": {
                    "@class": "BaseComponentTransformable",
                    "localTransforms": {
                        "values": [
                            0.9819470047950745,
                            0.0,
                            0.18915799260139466,
                            0.0,
                            -0.11084099858999253,
                            0.8103330135345459,
                            0.5753909945487976,
                            0.0,
                            -0.15328100323677064,
                            -0.5859699845314026,
                            0.7957029938697815,
                            0.0,
                            0.0,
                            0.40463200211524966,
                            0.0,
                            1.0
                        ]
                    }
                }
            }
        },
        {
            "@class": "BaseNode",
            "object3D": {
                "@class": "BaseObject3D",
                "id": {
                    "uuid": "A0C3D16F-9439-4ED4-8665-23B93FA7DF73"
                },
                "name": "mixamorig_LeftUpLeg",
                "enabled": true,
                "visible": true,
                "hitVisible": true,
                "transform": {
                    "@class": "BaseComponentTransformable",
                    "localTransforms": {
                        "values": [
                            -0.9993579983711243,
                            -0.03582900017499924,
                            0.00015500000154133886,
                            0.0,
                            0.03582900017499924,
                            -0.9993579983711243,
                            0.0007120000082068145,
                            0.0,
                            0.0001289999927394092,
                            0.0007169999880716205,
                            1.0,
                            0.0,
                            0.19886399805545808,
                            -0.08733099699020386,
                            -0.009006000123918057,
                            1.0
                        ]
                    }
                }
            },
            "children": [
                "2A1A67E8-D923-4E9D-9CE4-47B4B78350CC"
            ]
        },
        {
            "@class": "BaseNode",
            "object3D": {
                "@class": "BaseObject3D",
                "id": {
                    "uuid": "2A1A67E8-D923-4E9D-9CE4-47B4B78350CC"
                },
                "name": "mixamorig_LeftLeg",
                "enabled": true,
                "visible": true,
                "hitVisible": true,
                "transform": {
                    "@class": "BaseComponentTransformable",
                    "localTransforms": {
                        "values": [
                            0.9972609877586365,
                            -0.07396300137042999,
                            -0.00011000000085914508,
                            0.0,
                            0.07377400249242783,
                            0.99481600522995,
                            -0.06999500095844269,
                            0.0,
                            0.005286999978125095,
                            0.06979600340127945,
                            0.9975469708442688,
                            0.0,
                            0.0,
                            0.593146026134491,
                            0.0,
                            1.0
                        ]
                    }
                }
            },
            "children": [
                "E6080E0F-B905-47DA-A8A2-39F6971C8A74"
            ]
        },
        {
            "@class": "BaseNode",
            "object3D": {
                "@class": "BaseObject3D",
                "id": {
                    "uuid": "E6080E0F-B905-47DA-A8A2-39F6971C8A74"
                },
                "name": "mixamorig_LeftFoot",
                "enabled": true,
                "visible": true,
                "hitVisible": true,
                "transform": {
                    "@class": "BaseComponentTransformable",
                    "localTransforms": {
                        "values": [
                            0.961978018283844,
                            0.009078999981284142,
                            0.27297499775886538,
                            0.0,
                            -0.2392120063304901,
                            0.5103600025177002,
                            0.8260210156440735,
                            0.0,
                            -0.13181599974632264,
                            -0.8599129915237427,
                            0.4931269884109497,
                            0.0,
                            0.0,
                            0.556771993637085,
                            0.0,
                            1.0
                        ]
                    }
                }
            },
            "children": [
                "1BB30D2F-6269-4BD3-B719-35D8966C9E94"
            ]
        },
        {
            "@class": "BaseNode",
            "object3D": {
                "@class": "BaseObject3D",
                "id": {
                    "uuid": "1BB30D2F-6269-4BD3-B719-35D8966C9E94"
                },
                "name": "mixamorig_LeftToeBase",
                "enabled": true,
                "visible": true,
                "hitVisible": true,
                "transform": {
                    "@class": "BaseComponentTransformable",
                    "localTransforms": {
                        "values": [
                            0.9843710064888,
                            0.0,
                            -0.1761070042848587,
                            0.0,
                            0.10203400254249573,
                            0.8150539994239807,
                            0.5703290104866028,
                            0.0,
                            0.1435369998216629,
                            -0.579384982585907,
                            0.8023160099983215,
                            0.0,
                            0.0,
                            0.408953994512558,
                            0.0,
                            1.0
                        ]
                    }
                }
            }
        },
        {
            "@class": "BaseNode",
            "object3D": {
                "@class": "BaseObject3D",
                "id": {
                    "uuid": "03B3E921-2C32-4AD0-A8DF-A87B3E04359B"
                },
                "name": "mixamorig_Spine",
                "enabled": true,
                "visible": true,
                "hitVisible": true,
                "transform": {
                    "@class": "BaseComponentTransformable",
                    "localTransforms": {
                        "values": [
                            1.0,
                            0.000037999998312443498,
                            9.999999974752428e-7,
                            0.0,
                            -0.000037999998312443498,
                            0.9995480179786682,
                            0.0300539992749691,
                            0.0,
                            0.0,
                            -0.0300539992749691,
                            0.9995480179786682,
                            0.0,
                            0.0,
                            0.15729700028896333,
                            0.004730000160634518,
                            1.0
                        ]
                    }
                }
            },
            "children": [
                "D63E0FBE-B0E5-4257-ACDD-79A301FD2295"
            ]
        },
        {
            "@class": "BaseNode",
            "object3D": {
                "@class": "BaseObject3D",
                "id": {
                    "uuid": "D63E0FBE-B0E5-4257-ACDD-79A301FD2295"
                },
                "name": "mixamorig_Spine1",
                "enabled": true,
                "visible": true,
                "hitVisible": true,
                "transform": {
                    "@class": "BaseComponentTransformable",
                    "localTransforms": {
                        "values": [
                            1.0,
                            0.0,
                            0.0,
                            0.0,
                            0.0,
                            1.0,
                            0.0,
                            0.0,
                            0.0,
                            0.0,
                            1.0,
                            0.0,
                            0.0,
                            0.18359600007534028,
                            0.0,
                            1.0
                        ]
                    }
                }
            },
            "children": [
                "80A476FF-61F7-4919-9E61-F5FACD77DF27"
            ]
        },
        {
            "@class": "BaseNode",
            "object3D": {
                "@class": "BaseObject3D",
                "id": {
                    "uuid": "80A476FF-61F7-4919-9E61-F5FACD77DF27"
                },
                "name": "mixamorig_Spine2",
                "enabled": true,
                "visible": true,
                "hitVisible": true,
                "transform": {
                    "@class": "BaseComponentTransformable",
                    "localTransforms": {
                        "values": [
                            1.0,
                            0.0,
                            0.0,
                            0.0,
                            0.0,
                            1.0,
                            0.0,
                            0.0,
                            0.0,
                            0.0,
                            1.0,
                            0.0,
                            0.0,
                            0.20982399582862855,
                            0.0,
                            1.0
                        ]
                    }
                }
            },
            "children": [
                "E281B2DB-8E19-4D38-90ED-740A258F6BEE",
                "28C9881D-5E4D-4016-A22E-F25AE5F3B411",
                "6DDD2D15-2C33-40E6-9C3B-A6513AA90F8C"
            ]
        },
        {
            "@class": "BaseNode",
            "object3D": {
                "@class": "BaseObject3D",
                "id": {
                    "uuid": "E281B2DB-8E19-4D38-90ED-740A258F6BEE"
                },
                "name": "mixamorig_RightShoulder",
                "enabled": true,
                "visible": true,
                "hitVisible": true,
                "transform": {
                    "@class": "BaseComponentTransformable",
                    "localTransforms": {
                        "values": [
                            0.0006380000268109143,
                            -0.00008299999899463728,
                            1.0,
                            0.0,
                            -0.9993450045585632,
                            -0.03617500141263008,
                            0.0006339999963529408,
                            0.0,
                            0.03617500141263008,
                            -0.9993450045585632,
                            -0.00010599999950500205,
                            0.0,
                            -0.1481339931488037,
                            0.2260960042476654,
                            0.0002300000051036477,
                            1.0
                        ]
                    }
                }
            },
            "children": [
                "5F8006E1-7D45-48C5-8D0F-ADA8145A5E3F"
            ]
        },
        {
            "@class": "BaseNode",
            "object3D": {
                "@class": "BaseObject3D",
                "id": {
                    "uuid": "5F8006E1-7D45-48C5-8D0F-ADA8145A5E3F"
                },
                "name": "mixamorig_RightArm",
                "enabled": true,
                "visible": true,
                "hitVisible": true,
                "transform": {
                    "@class": "BaseComponentTransformable",
                    "localTransforms": {
                        "values": [
                            0.9999930262565613,
                            0.0007680000271648169,
                            0.0035920001100748779,
                            0.0,
                            -0.0006360000115819275,
                            0.9993370175361633,
                            -0.036396998912096027,
                            0.0,
                            -0.0036170000676065685,
                            0.03639400005340576,
                            0.999330997467041,
                            0.0,
                            0.0,
                            0.29906898736953738,
                            0.0,
                            1.0
                        ]
                    }
                }
            },
            "children": [
                "BCCFE64F-AACF-451C-B674-35355DA17C48"
            ]
        },
        {
            "@class": "BaseNode",
            "object3D": {
                "@class": "BaseObject3D",
                "id": {
                    "uuid": "BCCFE64F-AACF-451C-B674-35355DA17C48"
                },
                "name": "mixamorig_RightForeArm",
                "enabled": true,
                "visible": true,
                "hitVisible": true,
                "transform": {
                    "@class": "BaseComponentTransformable",
                    "localTransforms": {
                        "values": [
                            0.9999939799308777,
                            9.999999974752428e-7,
                            0.0033470001071691515,
                            0.0,
                            -9.999999974752428e-7,
                            1.0,
                            0.0,
                            0.0,
                            -0.0033470001071691515,
                            0.0,
                            0.9999939799308777,
                            0.0,
                            0.0,
                            0.24111400544643403,
                            0.0,
                            1.0
                        ]
                    }
                }
            },
            "children": [
                "508828A8-846B-4C4B-8627-56F11DA3142A"
            ]
        },
        {
            "@class": "BaseNode",
            "object3D": {
                "@class": "BaseObject3D",
                "id": {
                    "uuid": "508828A8-846B-4C4B-8627-56F11DA3142A"
                },
                "name": "mixamorig_RightHand",
                "enabled": true,
                "visible": true,
                "hitVisible": true,
                "transform": {
                    "@class": "BaseComponentTransformable",
                    "localTransforms": {
                        "values": [
                            0.9905459880828857,
                            0.1352909952402115,
                            -0.022710999473929406,
                            0.0,
                            -0.13483799993991853,
                            0.9906569719314575,
                            0.020410999655723573,
                            0.0,
                            0.025259999558329583,
                            -0.017155999317765237,
                            0.999534010887146,
                            0.0,
                            0.0,
                            0.4212009906768799,
                            0.0,
                            1.0
                        ]
                    }
                }
            },
            "children": [
                "F0D6D63E-E8C3-4453-939C-73FE369F52C1",
                "6451B033-9F30-4459-B9C3-46F7B1616BD6",
                "9974E87E-7409-43AC-81F3-5392BD7709D7",
                "E900890C-D020-4370-840C-0C93CEC71F88",
                "1A74C0E7-E801-4A98-8BDA-AE66E785AF85"
            ]
        },
        {
            "@class": "BaseNode",
            "object3D": {
                "@class": "BaseObject3D",
                "id": {
                    "uuid": "F0D6D63E-E8C3-4453-939C-73FE369F52C1"
                },
                "name": "mixamorig_RightHandPinky1",
                "enabled": true,
                "visible": true,
                "hitVisible": true,
                "transform": {
                    "@class": "BaseComponentTransformable",
                    "localTransforms": {
                        "values": [
                            0.9913399815559387,
                            -0.13132299482822419,
                            0.0003549999964889139,
                            0.0,
                            0.13131000101566316,
                            0.9911929965019226,
                            -0.017159000039100648,
                            0.0,
                            0.0019020000472664834,
                            0.01705699972808361,
                            0.9998530149459839,
                            0.0,
                            -0.07068999856710434,
                            0.3061150014400482,
                            0.0009089999948628247,
                            1.0
                        ]
                    }
                }
            },
            "children": [
                "30D2BF07-6D71-4305-BF1D-1E4E21A0E008"
            ]
        },
        {
            "@class": "BaseNode",
            "object3D": {
                "@class": "BaseObject3D",
                "id": {
                    "uuid": "30D2BF07-6D71-4305-BF1D-1E4E21A0E008"
                },
                "name": "mixamorig_RightHandPinky2",
                "enabled": true,
                "visible": true,
                "hitVisible": true,
                "transform": {
                    "@class": "BaseComponentTransformable",
                    "localTransforms": {
                        "values": [
                            1.0,
                            0.0004189999890513718,
                            -0.00013299999409355223,
                            0.0,
                            -0.0004189999890513718,
                            1.0,
                            0.0,
                            0.0,
                            0.00013299999409355223,
                            0.0,
                            1.0,
                            0.0,
                            0.0002300000051036477,
                            0.04978000000119209,
                            0.0,
                            1.0
                        ]
                    }
                }
            },
            "children": [
                "1760CB75-EFAE-4EC1-B231-6B5F115B1B5A"
            ]
        },
        {
            "@class": "BaseNode",
            "object3D": {
                "@class": "BaseObject3D",
                "id": {
                    "uuid": "1760CB75-EFAE-4EC1-B231-6B5F115B1B5A"
                },
                "name": "mixamorig_RightHandPinky3",
                "enabled": true,
                "visible": true,
                "hitVisible": true,
                "transform": {
                    "@class": "BaseComponentTransformable",
                    "localTransforms": {
                        "values": [
                            0.9997460246086121,
                            -0.022288000211119653,
                            0.0034469999372959139,
                            0.0,
                            0.022288000211119653,
                            0.9997519850730896,
                            0.00006199999916134402,
                            0.0,
                            -0.0034469999372959139,
                            0.000014999999621068128,
                            0.9999939799308777,
                            0.0,
                            0.00023400000645779073,
                            0.045111000537872317,
                            0.0,
                            1.0
                        ]
                    }
                }
            }
        },
        {
            "@class": "BaseNode",
            "object3D": {
                "@class": "BaseObject3D",
                "id": {
                    "uuid": "6451B033-9F30-4459-B9C3-46F7B1616BD6"
                },
                "name": "mixamorig_RightHandRing1",
                "enabled": true,
                "visible": true,
                "hitVisible": true,
                "transform": {
                    "@class": "BaseComponentTransformable",
                    "localTransforms": {
                        "values": [
                            0.9905620217323303,
                            -0.13706499338150025,
                            -0.00041700000292621553,
                            0.0,
                            0.13703800737857819,
                            0.9904170036315918,
                            -0.017156999558210374,
                            0.0,
                            0.0027650000993162395,
                            0.016938000917434694,
                            0.9998530149459839,
                            0.0,
                            -0.02803800068795681,
                            0.30718299746513369,
                            -0.00184299994725734,
                            1.0
                        ]
                    }
                }
            },
            "children": [
                "F61C1DD2-C991-42BA-9AA2-E6EBCCF20D31"
            ]
        },
        {
            "@class": "BaseNode",
            "object3D": {
                "@class": "BaseObject3D",
                "id": {
                    "uuid": "F61C1DD2-C991-42BA-9AA2-E6EBCCF20D31"
                },
                "name": "mixamorig_RightHandRing2",
                "enabled": true,
                "visible": true,
                "hitVisible": true,
                "transform": {
                    "@class": "BaseComponentTransformable",
                    "localTransforms": {
                        "values": [
                            1.0,
                            -0.000037999998312443498,
                            0.00004600000102072954,
                            0.0,
                            0.000037999998312443498,
                            1.0,
                            0.0,
                            0.0,
                            -0.00004600000102072954,
                            0.0,
                            1.0,
                            0.0,
                            -0.00008399999933317304,
                            0.05670100077986717,
                            0.0,
                            1.0
                        ]
                    }
                }
            },
            "children": [
                "270B1F82-9C2E-4C62-9FEC-CB8C6FB8DC8F"
            ]
        },
        {
            "@class": "BaseNode",
            "object3D": {
                "@class": "BaseObject3D",
                "id": {
                    "uuid": "270B1F82-9C2E-4C62-9FEC-CB8C6FB8DC8F"
                },
                "name": "mixamorig_RightHandRing3",
                "enabled": true,
                "visible": true,
                "hitVisible": true,
                "transform": {
                    "@class": "BaseComponentTransformable",
                    "localTransforms": {
                        "values": [
                            0.9999780058860779,
                            0.006597999949008226,
                            0.0002859999949578196,
                            0.0,
                            -0.006597999949008226,
                            0.9999780058860779,
                            -9.999999974752428e-7,
                            0.0,
                            -0.0002859999949578196,
                            -9.999999974752428e-7,
                            1.0,
                            0.0,
                            -0.00014200000441633165,
                            0.055459000170230868,
                            0.0,
                            1.0
                        ]
                    }
                }
            }
        },
        {
            "@class": "BaseNode",
            "object3D": {
                "@class": "BaseObject3D",
                "id": {
                    "uuid": "9974E87E-7409-43AC-81F3-5392BD7709D7"
                },
                "name": "mixamorig_RightHandMiddle1",
                "enabled": true,
                "visible": true,
                "hitVisible": true,
                "transform": {
                    "@class": "BaseComponentTransformable",
                    "localTransforms": {
                        "values": [
                            0.9912199974060059,
                            -0.1322219967842102,
                            -0.0005389999714680016,
                            0.0,
                            0.13219299912452699,
                            0.9910759925842285,
                            -0.017155999317765237,
                            0.0,
                            0.0028029999230057,
                            0.016933999955654146,
                            0.9998530149459839,
                            0.0,
                            0.027557000517845155,
                            0.2020840048789978,
                            -0.0034620000515133144,
                            1.0
                        ]
                    }
                }
            },
            "children": [
                "18EC6621-3F11-4A15-B991-F599FA40C96B"
            ]
        },
        {
            "@class": "BaseNode",
            "object3D": {
                "@class": "BaseObject3D",
                "id": {
                    "uuid": "18EC6621-3F11-4A15-B991-F599FA40C96B"
                },
                "name": "mixamorig_RightHandMiddle2",
                "enabled": true,
                "visible": true,
                "hitVisible": true,
                "transform": {
                    "@class": "BaseComponentTransformable",
                    "localTransforms": {
                        "values": [
                            0.9999979734420776,
                            -0.0020459999796003105,
                            -0.00007000000186963007,
                            0.0,
                            0.0020459999796003105,
                            0.9999979734420776,
                            0.0,
                            0.0,
                            0.00007000000186963007,
                            0.0,
                            1.0,
                            0.0,
                            0.00029299999005161226,
                            0.09597299993038178,
                            0.0,
                            1.0
                        ]
                    }
                }
            },
            "children": [
                "CA0AC7D8-BD3F-4AE8-92AC-5D03A5632E8B"
            ]
        },
        {
            "@class": "BaseNode",
            "object3D": {
                "@class": "BaseObject3D",
                "id": {
                    "uuid": "CA0AC7D8-BD3F-4AE8-92AC-5D03A5632E8B"
                },
                "name": "mixamorig_RightHandMiddle3",
                "enabled": true,
                "visible": true,
                "hitVisible": true,
                "transform": {
                    "@class": "BaseComponentTransformable",
                    "localTransforms": {
                        "values": [
                            0.9999819993972778,
                            -0.005993000231683254,
                            0.0002629999944474548,
                            0.0,
                            0.005993000231683254,
                            0.9999819993972778,
                            0.0000019999999949504856,
                            0.0,
                            -0.0002629999944474548,
                            0.0,
                            1.0,
                            0.0,
